Sample	chr1	chr2	chr3	chr4	chr5	chr6	chr7	chr8	chr9	chr10	chr11	chr12	chr13	chr14	chr15	chr16	chr17	chr18	chr19	chr20	chr21	chr22
TCGA.02.0047.01	0	0	0	0	0	0	0	0	0	0	-1	0	0	0	-1	0	0	0	0	0	0	0
TCGA.02.0055.01	0	0	-1	0	0	0	1	1	0	-1	-1	-1	-1	-1	0	-1	-1	0	0	1	1	0
TCGA.02.2483.01	0	0	0	0	0	0	0	1	1	-1	0	0	-1	0	0	0	0	0	0	0	0	0
TCGA.02.2485.01	0	0	0	-1	0	0	1	0	0	-1	0	0	0	0	0	0	0	0	1	0	0	0
TCGA.02.2486.01	0	0	0	0	0	0	1	0	0	-1	0	0	0	0	0	-1	0	0	0	0	0	-1
TCGA.04.1348.01	0	0	1	-1	0	-1	0	-1	0	0	-1	0	1	-1	0	-1	-1	0	1	1	0	-1
TCGA.04.1357.01	1	0	0	-1	0	0	1	1	-1	0	0	0	-1	-1	0	-1	-1	-1	0	1	0	-1
TCGA.04.1362.01	-1	0	1	-1	-1	0	-1	1	0	0	1	0	0	-1	-1	-1	-1	-1	-1	0	-1	-1
TCGA.04.1364.01	-1	1	1	0	-1	1	1	1	-1	-1	-1	-1	-1	-1	0	-1	-1	-1	-1	1	-1	-1
TCGA.04.1365.01	0	0	1	0	-1	0	0	1	0	0	-1	0	-1	-1	-1	-1	-1	0	-1	0	-1	-1
